47.98
48.8
44.76
45.2
47.8
48.51
51.5
52.22
49.81
50.19
50.47
48.32
47.05
46.82
43.74
42.67
37.27
37.67
36.64
35.4
33.17
30.45
32.3
31.78
29.84
29.44
29.88
30
27.74
26.92
26.61
26.64
26.16
28.63
27.94
30.48
31.17
29.93
29.93
25.69
24.54
24.69
19.89
24.95
30.58
31.57
31.46
35.69
32.87
32.22
30.77
29.6
26.92
26.63
23.71
20.93
23.47
20.37
22.97
26.32
25.24
24.05
23.01
23.47
23.47
19.84
22.03
17.88
17.78
13.56
14.71
13.31
7.01
5.86
9.49
12.35
14.86
21.37
25.45
27.01
26.36
27.62
31.6
31.41
28.83
29.16
29.89
30.49
32.11
34.48
32.97
32.33
32.97
33.53
34.09
33.51
34.45
32.63
30.96
29.73
29.54
30.11
28.78
27.88
25.29
28.54
28.87
29.41
29.4
30.88
30.35
31.44
32.22
32.66
29.67
30.52
33.87
31.46
31.75
32.2
34.95
38.41
34.61
34.48
34.91
31.09
31.25
29.38
27.38
27.94
27.16
27.02
27.42
29.34
28.31
28.06
25.14
25.23
21.79
22.88
23.39
20.52
20.85
21.4
18.1
17.69
18.83
19.24
20.44
16.65
17.5
19.14
18.28
21.77
20.9
19.93
20.51
19.4
18.32
20.95
23.03
20.42
20.12
21.31
22.13
20.21
21.55
20.13
19
19.64
20.53
21.92
18.15
18.19
14.81
15.38
16.87
17.72
20.76
21.91
22.1
20.87
22.41
25.7
22.38
22.59
21.71
21.54
23.5
24.05
22.87
24.7
17.54
18.34
16.42
16.96
17.98
17.28
15.78
14.26
16.59
17.68
17.55
17.52
17.62
16.42
16.16
18.22
17.57
16.12
16.14
15.6
16.74
15.31
14.55
14.77
13.94
14.01
13.34
13.55
14.35
13.32
13.75
13.54
12.6
12.9
14.06
14.94
14.63
13.38
12.42
11.71
11.69
11.32
12.29
12.08
12.1
11.74
11.84
11.19
11.84
10.73
9.99
10.77
10.15
11.66
12.41
11.81
10.87
10.28
10.63
9.77
9.36
9.81
9.79
8.75
8.86
8.46
8.92
8.85
9.04
8.53
8.42
8.12
7.63
8.02
7.81
8.42
7.75
8.13
8.16
8.09
8.41
8.29
8.67
8.83
8.46
7.82
7.63
7.56
6.84
7.5
7.26
7.32
7.61
7.29
7.53
6.81
6.61
7.14
7.04
6.36
6.1
5.53
5.15
5.45
6.7
7.43
7.99
7.93
8.44
8.2
8.12
9.08
8.3
8.13
8.26
8.69
7.51
6.99
7.63
7.81
7.56
7.62
7.94
7.17
6.92
7.24
7.05
6.73
6.98
7.3
6.57
6.52
6.51
6.82
6.26
7.13
6.12
5.83
8.32
7.73
7.23
6.75
6.45
6.42
6.13
6.01
5.49
4.53
4.53
4.29
4.12
4.35
4.11
4.36
4.28
4.09
3.95
3.72
3.14
3.07
2.88
2.7
2.54
2.62
2.7
2.61
2.45
2.16
2.09
2.12
2.1
1.95
2.01
2.03
1.97
2.15
1.95
1.93
1.92
2.19
2.15
1.87
2.11
2.23
2.15
2.27
2.4
2.4
2.18
2.16
2.12
2.12
1.76
1.96
1.81
1.63
1.63
1.59
1.4
1.5
1.23
1.26
1.28
1.35
1.38
1.26
1.41
1.53
1.5
1.48
1.39
1.55
1.76
1.87
1.79
1.93
2.13
2.02
1.88
1.76
1.87
1.76
1.85
1.87
1.95
1.8
1.81
1.72
1.65
1.83
1.78
1.68
1.65
1.53
1.68
1.56
1.43
1.32
1.28
1.31
1.41
1.27
1.32
1.24
1.29
1.28
1.38
1.33
1.28
1.19
1.23
1.29
1.12
1.06
1.2
1.26
1.26
1.35
1.45
1.43
1.46
1.58
1.61
1.7
1.73
1.68
1.74
1.98
1.76
1.97
2.02
2.03
2.11
2.17
2.21
2.41
2.41
2.48
2.42
2.05
2.02
2.01
1.87
2.02
1.91
1.98
1.93
1.89
1.66
1.49
1.34
1.2
1.26
1.45
1.1
1.27
1.36
1.42
1.38
1.3
1.29
1.22
1.21
1.24
1.12
1.3
1.27
1.18
1.17
1.1
1.03
1.07
1.11
1.07
1.03
1.07
1.06
1.01
1.01
1.02
0.94
0.94
